* Asien
    Vietnam 13.901403, 108.560092
    Thailand = 16.699261, 99.313294
    Korea = 37.541428, 127.512642
    japan = 37.350443, 139.157762
    India = 22.691834, 75.306518
    Kina = 34.208217, 91.436606
    Spanien = 38.208234, -3.702014