* Asien
    Vietnam 13.901403, 108.560092
    Thailand = 16.699261, 99.313294
    Korea = 37.541428, 127.512642
    japan = 37.350443, 139.157762
    India = 22.691834, 75.306518
    Kina = 27.761580, 110.821332
    Spanien = 38.208234, -3.702014
    Frankrike = 47.775731, 4.567605
    ute i igenstans = 27.303706, -54.435602